0 1837
1 1690
2 1855
3 2421
4 2132
5 2198
6 2354
7 2396
8 2225
9 2680
10 2675
11 2475
12 2256
13 2033
14 2440
15 2476
16 2490
17 2691
18 2566
19 2917
20 2704
21 2949
22 2758
23 2974
24 2842
25 3106
26 3065
27 3154
28 3240
29 3341
30 3238
31 3485
32 3415
33 3480
34 3668
35 3368
36 3671
37 3747
38 3893
39 3721
40 3897
41 3657
42 4016
43 4350
44 4199
45 4003
46 4081
47 4177
48 4631
49 4270
50 4314
51 4494
52 4736
53 4538
54 4749
55 4620
56 4934
57 4902
58 5019
59 4828
60 5165
61 5120
62 5234
63 5151
64 5188
65 5187
66 5291
67 5329
68 5369
69 5475
70 5426
71 5545
72 5672
73 5708
74 5719
75 5700
76 5823
77 5904
78 5928
79 6054
80 6121
81 6167
82 6251
83 6276
84 6361
85 6388
86 6517
87 6683
88 6633
89 6721
90 6749
91 6838
92 6965
93 6996
94 7128
95 7154
96 7143
97 7275
98 7368
99 7431
100 7461
101 7597
102 7623
103 7649
104 7710
105 7810
106 7909
107 7976
108 8041
109 8106
110 8171
111 8236
112 8301
113 8366
114 8431
115 8496
116 8561
117 8626
118 8691
119 8756
120 8821
121 8886
122 8951
123 9016
124 9081
125 9146
126 9211
127 9276
128 9341
129 9406
130 9471
131 9536
132 9601
133 9666
134 9731
135 9796
136 9861
137 9926
138 9991
139 10056
140 10121
141 10186
142 10251
143 10316
144 10381
145 10446
146 10511
147 10576
148 10641
149 10706
150 10771
151 10836
152 10901
153 10966
154 11031
155 11096
156 11161
157 11226
158 11291
159 11356
160 11421
161 11486
162 11551
163 11616
164 11681
165 11746
166 11811
167 11876
168 11941
169 12006
170 12071
171 12136
172 12201
173 12266
174 12331
175 12396
176 12461
177 12526
178 12591
179 12656
180 12721
181 12786
182 12851
183 12916
184 12981
185 13046
186 13111
187 13176
188 13241
189 13306
190 13371
191 13436
192 13501
193 13566
194 13631
195 13696
196 13761
197 13826
198 13891
199 13956
200 14021
201 14086
202 14151
203 14216
204 14281
205 14346
206 14411
207 14476
208 14541
209 14606
210 14671
211 14736
212 14801
213 14866
214 14931
215 14996
216 15061
217 15126
218 15191
219 15256
220 15321
221 15386
222 15451
223 15516
224 15581
225 15646
226 15711
227 15776
228 15841
229 15906
230 15971
231 16036
232 16101
233 16166
234 16231
235 16296
236 16361
237 16426
238 16491
239 16556
240 16621
241 16686
242 16751
243 16816
244 16881
245 16946
246 17011
247 17076
248 17141
249 17206
250 17271
251 17336
252 17401
253 17466
254 17531
255 17596
256 17661
257 17726
258 17791
259 17856
260 17921
261 17986
262 18051
263 18116
264 18181
265 18246
266 18311
267 18376
268 18441
269 18506
270 18571
271 18636
272 18701
273 18766
274 18831
275 18896
276 18961
277 19026
278 19091
279 19156
280 19221
281 19286
282 19351
283 19416
284 19481
285 19546
286 19611
287 19676
288 19741
289 19806
290 19871
291 19936
292 20001
293 20066
294 20131
295 20196
296 20261
297 20326
298 20391
299 20456
300 20521
301 20586
302 20651
303 20716
304 20781
305 20846
306 20911
307 20976
308 21041
309 21106
310 21171
311 21236
312 21301
313 21366
314 21431
315 21496
316 21561
317 21626
318 21691
319 21756
320 21821
321 21886
322 21951
323 22016
324 22081
325 22146
326 22211
327 22276
328 22341
329 22406
330 22471
331 22536
332 22601
333 22666
334 22731
335 22796
336 22861
337 22926
338 22991
339 23056
340 23121
341 23186
342 23251
343 23316
344 23381
345 23446
346 23511
347 23576
348 23641
349 23706
350 23771
351 23836
352 23901
353 23966
354 24031
355 24096
356 24161
357 24226
358 24291
359 24356
360 24421
361 24486
362 24551
363 24616
364 24681
365 24746
366 24811
367 24876
368 24941
369 25006
370 25071
371 25136
372 25201
373 25266
374 25331
375 25396
376 25461
377 25526
378 25591
379 25656
380 25721
381 25786
382 25851
383 25916
384 25981
385 26046
386 26111
387 26176
388 26241
389 26306
390 26371
391 26436
392 26501
393 26566
394 26631
395 26696
396 26761
397 26826
398 26891
399 26956
400 27021
401 27086
402 27151
403 27216
404 27281
405 27346
406 27411
407 27476
408 27541
409 27606
410 27671
411 27736
412 27801
413 27866
414 27931
415 27996
416 28061
417 28126
418 28191
419 28256
420 28321
421 28386
422 28451
423 28516
424 28581
425 28646
426 28711
427 28776
428 28841
429 28906
430 28971
431 29036
432 29101
433 29166
434 29231
435 29296
436 29361
437 29426
438 29491
439 29556
440 29621
441 29686
442 29751
443 29816
444 29881
445 29946
446 30011
447 30076
448 30141
449 30206
450 30271
451 30336
452 30401
453 30466
454 30531
455 30596
456 30661
457 30726
458 30791
459 30856
460 30921
461 30986
462 31051
463 31116
464 31181
465 31246
466 31311
467 31376
468 31441
469 31506
470 31571
471 31636
472 31701
473 31766
474 31831
475 31896
476 31961
477 32026
478 32091
479 32156
480 32221
481 32286
482 32351
483 32416
484 32481
485 32546
486 32611
487 32676
488 32741
489 32806
490 32871
491 32936
492 33001
493 33066
494 33131
495 33196
496 33261
497 33326
498 33391
499 33456
500 33521
501 33586
502 33651
503 33716
504 33781
505 33846
506 33911
507 33976
508 34041
509 34106
510 34171
511 34236
512 34301
513 34366
514 34431
515 34496
516 34561
517 34626
518 34691
519 34756
520 34821
521 34886
522 34951
523 35016
524 35081
525 35146
526 35211
527 35276
528 35341
529 35406
530 35471
531 35536
532 35601
533 35666
534 35731
535 35796
536 35861
537 35926
538 35991
539 36056
540 36121
541 36186
542 36251
543 36316
544 36381
545 36446
546 36511
547 36576
548 36641
549 36706
550 36771
551 36836
552 36901
553 36966
554 37031
555 37096
556 37161
557 37226
558 37291
559 37356
560 37421
561 37486
562 37551
563 37616
564 37681
565 37746
566 37811
567 37876
568 37941
569 38006
570 38071
571 38136
572 38201
573 38266
574 38331
575 38396
576 38461
577 38526
578 38591
579 38656
580 38721
581 38786
582 38851
583 38916
584 38981
585 39046
586 39111
587 39176
588 39241
589 39306
590 39371
591 39436
592 39501
593 39566
594 39631
595 39696
596 39761
597 39826
598 39891
599 39956
600 40021
601 40086
602 40151
603 40216
604 40281
605 40346
606 40411
607 40476
608 40541
609 40606
610 40671
611 40736
612 40801
613 40866
614 40931
615 40996
616 41061
617 41126
618 41191
619 41256
620 41321
621 41386
622 41451
623 41516
624 41581
625 41646
626 41711
627 41776
628 41841
629 41906
630 41971
631 42036
632 42101
633 42166
634 42231
635 42296
636 42361
637 42426
638 42491
639 42556
640 42621
641 42686
642 42751
643 42816
644 42881
645 42946
646 43011
647 43076
648 43141
649 43206
650 43271
651 43336
652 43401
653 43466
654 43531
655 43596
656 43661
657 43726
658 43791
659 43856
660 43921
661 43986
662 44051
663 44116
664 44181
665 44246
666 44311
667 44376
668 44441
669 44506
670 44571
671 44636
672 44701
673 44766
674 44831
675 44896
676 44961
677 45026
678 45091
679 45156
680 45221
681 45286
682 45351
683 45416
684 45481
685 45546
686 45611
687 45676
688 45741
689 45806
690 45871
691 45936
692 46001
693 46066
694 46131
695 46196
696 46261
697 46326
698 46391
699 46456
700 46521
701 46586
702 46651
703 46716
704 46781
705 46846
706 46911
707 46976
708 47041
709 47106
710 47171
711 47236
712 47301
713 47366
714 47431
715 47496
716 47561
717 47626
718 47691
719 47756
720 47821
721 47886
722 47951
723 48016
724 48081
725 48146
726 48211
727 48276
728 48341
729 48406
730 48471
731 48536
732 48601
733 48666
734 48731
735 48796
736 48861
737 48926
738 48991
739 49056
740 49121
741 49186
742 49251
743 49316
744 49381
745 49446
746 49511
747 49576
748 49641
749 49706
750 49771
751 49836
752 49901
753 49966
754 50031
755 50096
756 50161
757 50226
758 50291
759 50356
760 50421
761 50486
762 50551
763 50616
764 50681
765 50746
766 50811
767 50876
768 50941
769 51006
770 51071
771 51136
772 51201
773 51266
774 51331
775 51396
776 51461
777 51526
778 51591
779 51656
780 51721
781 51786
782 51851
783 51916
784 51981
785 52046
786 52111
787 52176
788 52241
789 52306
790 52371
791 52436
792 52501
793 52566
794 52631
795 52696
796 52761
797 52826
798 52891
799 52956
800 53021
801 53086
802 53151
803 53216
804 53281
805 53346
806 53411
807 53476
808 53541
809 53606
810 53671
811 53736
812 53801
813 53866
814 53931
815 53996
816 54061
817 54126
818 54191
819 54256
820 54321
821 54386
822 54451
823 54516
824 54581
825 54646
826 54711
827 54776
828 54841
829 54906
830 54971
831 55036
832 55101
833 55166
834 55231
835 55296
836 55361
837 55426
838 55491
839 55556
840 55621
841 55686
842 55751
843 55816
844 55881
845 55946
846 56011
847 56076
848 56141
849 56206
850 56271
851 56336
852 56401
853 56466
854 56531
855 56596
856 56661
857 56726
858 56791
859 56856
860 56921
861 56986
862 57051
863 57116
864 57181
865 57246
866 57311
867 57376
868 57441
869 57506
870 57571
871 57636
872 57701
873 57766
874 57831
875 57896
876 57961
877 58026
878 58091
879 58156
880 58221
881 58286
882 58351
883 58416
884 58481
885 58546
886 58611
887 58676
888 58741
889 58806
890 58871
891 58936
892 59001
893 59066
894 59131
895 59196
896 59261
897 59326
898 59391
899 59456
900 59521
901 59586
902 59651
903 59716
904 59781
905 59846
906 59911
907 59976
908 60041
909 60106
910 60171
911 60236
912 60301
913 60366
914 60431
915 60496
916 60561
917 60626
918 60691
919 60756
920 60821
921 60886
922 60951
923 61016
924 61081
925 61146
926 61211
927 61276
928 61341
929 61406
930 61471
931 61536
932 61601
933 61666
934 61731
935 61796
936 61861
937 61926
938 61991
939 62056
940 62121
941 62186
942 62251
943 62316
944 62381
945 62446
946 62511
947 62576
948 62641
949 62706
950 62771
951 62836
952 62901
953 62966
954 63031
955 63096
956 63161
957 63226
958 63291
959 63356
960 63421
961 63486
962 63551
963 63616
964 63681
965 63746
966 63811
967 63876
968 63941
969 64006
970 64071
971 64136
972 64201
973 64266
974 64331
975 64396
976 64461
977 64526
978 64591
979 64656
980 64721
981 64786
982 64851
983 64916
984 64981
985 65046
986 65111
987 65176
988 65241
989 65306
990 65371
991 65436
992 65501
993 65566
994 65631
995 65696
996 65761
997 65826
998 65891
999 65956
